innings,battingTeam,bowlingTeam,striker,bowler,overs,ballNumber,runsOffBat,extras,totalRunsOffBall,isWicket,cumRuns,totalWickets,strikerFinalScore,batterOut
1,USA,IND,S Jahangir,Arshdeep Singh,0.1,1,0,0,0,1,0,1,0,S Jahangir
1,USA,IND,Gous,Arshdeep Singh,0.2,2,0,0,0,0,0,1,2(5),
1,USA,IND,Gous,Arshdeep Singh,0.3,3,0,0,0,0,0,1,2(5),
1,USA,IND,Gous,Arshdeep Singh,0.4,4,0,1,1,0,1,1,2(5),
1,USA,IND,Gous,Arshdeep Singh,0.4,5,2,0,2,0,3,1,2(5),
1,USA,IND,Gous,Arshdeep Singh,0.5,6,0,0,0,0,3,1,2(5),
1,USA,IND,Gous,Arshdeep Singh,0.6,7,0,0,0,1,3,2,2(5),Gous
1,USA,IND,Steven Taylor,Siraj,1.1,8,1,0,1,0,4,2,24(30),
1,USA,IND,Aaron Jones,Siraj,1.2,9,0,0,0,0,4,2,11(22),
1,USA,IND,Aaron Jones,Siraj,1.3,10,1,0,1,0,5,2,11(22),
1,USA,IND,Steven Taylor,Siraj,1.4,11,0,0,0,0,5,2,24(30),
1,USA,IND,Steven Taylor,Siraj,1.5,12,0,0,0,0,5,2,24(30),
1,USA,IND,Steven Taylor,Siraj,1.6,13,2,0,2,0,7,2,24(30),
1,USA,IND,Aaron Jones,Arshdeep Singh,2.1,14,0,0,0,0,7,2,11(22),
1,USA,IND,Aaron Jones,Arshdeep Singh,2.2,15,0,0,0,0,7,2,11(22),
1,USA,IND,Aaron Jones,Arshdeep Singh,2.3,16,1,0,1,0,8,2,11(22),
1,USA,IND,Steven Taylor,Arshdeep Singh,2.4,17,0,0,0,0,8,2,24(30),
1,USA,IND,Steven Taylor,Arshdeep Singh,2.5,18,0,0,0,0,8,2,24(30),
1,USA,IND,Steven Taylor,Arshdeep Singh,2.6,19,0,0,0,0,8,2,24(30),
1,USA,IND,Aaron Jones,Siraj,3.1,20,0,0,0,0,8,2,11(22),
1,USA,IND,Aaron Jones,Siraj,3.2,21,2,0,2,0,10,2,11(22),
1,USA,IND,Aaron Jones,Siraj,3.3,22,0,0,0,0,10,2,11(22),
1,USA,IND,Aaron Jones,Siraj,3.4,23,0,0,0,0,10,2,11(22),
1,USA,IND,Aaron Jones,Siraj,3.5,24,0,0,0,0,10,2,11(22),
1,USA,IND,Aaron Jones,Siraj,3.6,25,6,0,6,0,16,2,11(22),
1,USA,IND,Steven Taylor,Bumrah,4.1,26,1,0,1,0,17,2,24(30),
1,USA,IND,Aaron Jones,Bumrah,4.2,27,0,0,0,0,17,2,11(22),
1,USA,IND,Aaron Jones,Bumrah,4.3,28,0,0,0,0,17,2,11(22),
1,USA,IND,Aaron Jones,Bumrah,4.4,29,0,0,0,0,17,2,11(22),
1,USA,IND,Aaron Jones,Bumrah,4.5,30,0,0,0,0,17,2,11(22),
1,USA,IND,Aaron Jones,Bumrah,4.6,31,0,0,0,0,17,2,11(22),
1,USA,IND,Steven Taylor,Hardik Pandya,5.1,32,0,0,0,0,17,2,24(30),
1,USA,IND,Steven Taylor,Hardik Pandya,5.2,33,0,0,0,0,17,2,24(30),
1,USA,IND,Steven Taylor,Hardik Pandya,5.3,34,1,0,1,0,18,2,24(30),
1,USA,IND,Aaron Jones,Hardik Pandya,5.4,35,0,0,0,0,18,2,11(22),
1,USA,IND,Aaron Jones,Hardik Pandya,5.5,36,0,0,0,0,18,2,11(22),
1,USA,IND,Aaron Jones,Hardik Pandya,5.6,37,0,0,0,0,18,2,11(22),
1,USA,IND,Steven Taylor,Bumrah,6.1,38,0,0,0,0,18,2,24(30),
1,USA,IND,Steven Taylor,Bumrah,6.2,39,1,0,1,0,19,2,24(30),
1,USA,IND,Aaron Jones,Bumrah,6.3,40,1,0,1,0,20,2,11(22),
1,USA,IND,Steven Taylor,Bumrah,6.4,41,0,0,0,0,20,2,24(30),
1,USA,IND,Steven Taylor,Bumrah,6.5,42,0,5,5,0,25,2,24(30),
1,USA,IND,Steven Taylor,Bumrah,6.5,43,0,0,0,0,25,2,24(30),
1,USA,IND,Steven Taylor,Bumrah,6.6,44,0,0,0,0,25,2,24(30),
1,USA,IND,Aaron Jones,Hardik Pandya,7.1,45,0,0,0,0,25,2,11(22),
1,USA,IND,Aaron Jones,Hardik Pandya,7.2,46,0,0,0,1,25,3,11(22),Aaron Jones
1,USA,IND,Nitish Kumar,Hardik Pandya,7.3,47,0,0,0,0,25,3,0,
1,USA,IND,Nitish Kumar,Hardik Pandya,7.4,48,1,0,1,0,26,3,0,
1,USA,IND,Steven Taylor,Hardik Pandya,7.5,49,0,0,0,0,26,3,24(30),
1,USA,IND,Steven Taylor,Hardik Pandya,7.6,50,0,0,0,0,26,3,24(30),
1,USA,IND,Nitish Kumar,Shivam Dube,8.1,51,4,0,4,0,30,3,0,
1,USA,IND,Nitish Kumar,Shivam Dube,8.2,52,1,0,1,0,31,3,0,
1,USA,IND,Steven Taylor,Shivam Dube,8.3,53,0,0,0,0,31,3,24(30),
1,USA,IND,Steven Taylor,Shivam Dube,8.4,54,0,0,0,0,31,3,24(30),
1,USA,IND,Steven Taylor,Shivam Dube,8.5,55,6,0,6,0,37,3,24(30),
1,USA,IND,Steven Taylor,Shivam Dube,8.6,56,0,0,0,0,37,3,24(30),
1,USA,IND,Nitish Kumar,Axar,9.1,57,0,0,0,0,37,3,0,
1,USA,IND,Nitish Kumar,Axar,9.2,58,1,0,1,0,38,3,0,
1,USA,IND,Steven Taylor,Axar,9.3,59,1,0,1,0,39,3,24(30),
1,USA,IND,Nitish Kumar,Axar,9.4,60,1,0,1,0,40,3,0,
1,USA,IND,Steven Taylor,Axar,9.5,61,1,0,1,0,41,3,24(30),
1,USA,IND,Nitish Kumar,Axar,9.6,62,1,0,1,0,42,3,0,
1,USA,IND,Nitish Kumar,Siraj,10.1,63,0,0,0,0,42,3,0,
1,USA,IND,Nitish Kumar,Siraj,10.2,64,2,0,2,0,44,3,0,
1,USA,IND,Nitish Kumar,Siraj,10.3,65,1,0,1,0,45,3,0,
1,USA,IND,Steven Taylor,Siraj,10.4,66,1,0,1,0,46,3,24(30),
1,USA,IND,Nitish Kumar,Siraj,10.5,67,1,0,1,0,47,3,0,
1,USA,IND,Steven Taylor,Siraj,10.6,68,1,0,1,0,48,3,24(30),
1,USA,IND,Steven Taylor,Axar,11.1,69,2,0,2,0,50,3,24(30),
1,USA,IND,Steven Taylor,Axar,11.2,70,0,0,0,0,50,3,24(30),
1,USA,IND,Steven Taylor,Axar,11.3,71,6,0,6,0,56,3,24(30),
1,USA,IND,Steven Taylor,Axar,11.4,72,0,0,0,1,56,4,24(30),Steven Taylor
1,USA,IND,Corey Anderson,Axar,11.5,73,1,0,1,0,57,4,0,
1,USA,IND,Nitish Kumar,Axar,11.6,74,0,1,1,0,58,4,0,
1,USA,IND,Nitish Kumar,Axar,11.6,75,1,0,1,0,59,4,0,
1,USA,IND,Nitish Kumar,Hardik Pandya,12.1,76,2,0,2,0,61,4,0,
1,USA,IND,Nitish Kumar,Hardik Pandya,12.2,77,0,0,0,0,61,4,0,
1,USA,IND,Nitish Kumar,Hardik Pandya,12.3,78,6,0,6,0,67,4,0,
1,USA,IND,Nitish Kumar,Hardik Pandya,12.4,79,0,0,0,0,67,4,0,
1,USA,IND,Nitish Kumar,Hardik Pandya,12.5,80,4,0,4,0,71,4,0,
1,USA,IND,Nitish Kumar,Hardik Pandya,12.6,81,0,0,0,0,71,4,0,
1,USA,IND,Corey Anderson,Axar,13.1,82,0,0,0,0,71,4,0,
1,USA,IND,Corey Anderson,Axar,13.2,83,1,0,1,0,72,4,0,
1,USA,IND,Nitish Kumar,Axar,13.3,84,1,0,1,0,73,4,0,
1,USA,IND,Corey Anderson,Axar,13.4,85,0,0,0,0,73,4,0,
1,USA,IND,Corey Anderson,Axar,13.5,86,6,0,6,0,79,4,0,
1,USA,IND,Corey Anderson,Axar,13.6,87,1,0,1,0,80,4,0,
1,USA,IND,Corey Anderson,Arshdeep Singh,14.1,88,1,0,1,0,81,4,0,
1,USA,IND,Nitish Kumar,Arshdeep Singh,14.2,89,0,0,0,0,81,4,0,
1,USA,IND,Nitish Kumar,Arshdeep Singh,14.3,90,0,0,0,0,81,4,0,
1,USA,IND,Nitish Kumar,Arshdeep Singh,14.4,91,0,0,0,1,81,5,0,Nitish Kumar
1,USA,IND,Harmeet Singh,Arshdeep Singh,14.5,92,0,0,0,0,81,5,10(10),
1,USA,IND,Harmeet Singh,Arshdeep Singh,14.6,93,0,0,0,0,81,5,10(10),
1,USA,IND,Corey Anderson,Bumrah,15.1,94,4,0,4,0,85,5,0,
1,USA,IND,Corey Anderson,Bumrah,15.2,95,0,0,0,0,85,5,0,
1,USA,IND,Corey Anderson,Bumrah,15.3,96,1,0,1,0,86,5,0,
1,USA,IND,Harmeet Singh,Bumrah,15.4,97,6,0,6,0,92,5,10(10),
1,USA,IND,Harmeet Singh,Bumrah,15.5,98,3,0,3,0,95,5,10(10),
1,USA,IND,Corey Anderson,Bumrah,15.6,99,0,0,0,0,95,5,0,
1,USA,IND,Harmeet Singh,Hardik Pandya,16.1,100,0,0,0,0,95,5,10(10),
1,USA,IND,Harmeet Singh,Hardik Pandya,16.2,101,0,0,0,0,95,5,10(10),
1,USA,IND,Harmeet Singh,Hardik Pandya,16.3,102,0,0,0,0,95,5,10(10),
1,USA,IND,Harmeet Singh,Hardik Pandya,16.4,103,0,1,1,0,96,5,10(10),
1,USA,IND,Corey Anderson,Hardik Pandya,16.5,104,0,0,0,1,96,6,0,Corey Anderson
1,USA,IND,van Schalkwyk,Hardik Pandya,16.6,105,0,0,0,0,96,6,11(10),
1,USA,IND,Harmeet Singh,Arshdeep Singh,17.1,106,1,0,1,0,97,6,10(10),
1,USA,IND,van Schalkwyk,Arshdeep Singh,17.2,107,1,0,1,0,98,6,11(10),
1,USA,IND,Harmeet Singh,Arshdeep Singh,17.3,108,0,0,0,1,98,7,10(10),Harmeet Singh
1,USA,IND,Jessy Singh,Arshdeep Singh,17.4,109,1,0,1,0,99,7,0,
1,USA,IND,van Schalkwyk,Arshdeep Singh,17.5,110,1,0,1,0,100,7,11(10),
1,USA,IND,Jessy Singh,Arshdeep Singh,17.6,111,0,0,0,0,100,7,0,
1,USA,IND,van Schalkwyk,Bumrah,18.1,112,1,0,1,0,101,7,11(10),
1,USA,IND,Jessy Singh,Bumrah,18.2,113,0,0,0,0,101,7,0,
1,USA,IND,Jessy Singh,Bumrah,18.3,114,1,0,1,0,102,7,0,
1,USA,IND,van Schalkwyk,Bumrah,18.4,115,1,0,1,0,103,7,11(10),
1,USA,IND,Jessy Singh,Bumrah,18.5,116,0,0,0,0,103,7,0,
1,USA,IND,Jessy Singh,Bumrah,18.6,117,0,0,0,0,103,7,0,
1,USA,IND,van Schalkwyk,Siraj,19.1,118,0,0,0,0,103,7,11(10),
1,USA,IND,van Schalkwyk,Siraj,19.2,119,4,0,4,0,107,7,11(10),
1,USA,IND,van Schalkwyk,Siraj,19.3,120,0,0,0,0,107,7,11(10),
1,USA,IND,van Schalkwyk,Siraj,19.4,121,2,0,2,0,109,7,11(10),
1,USA,IND,van Schalkwyk,Siraj,19.5,122,1,0,1,0,110,7,11(10),
1,USA,IND,Jessy Singh,Siraj,19.6,123,0,0,0,1,110,8,0,Jessy Singh
2,IND,USA,Rohit,Netravalkar,0.1,1,1,0,1,0,1,0,3(6),
2,IND,USA,Kohli,Netravalkar,0.2,2,0,0,0,1,1,1,0(1),Kohli
2,IND,USA,Pant,Netravalkar,0.3,3,0,0,0,0,1,1,18(20),
2,IND,USA,Pant,Netravalkar,0.4,4,0,0,0,0,1,1,18(20),
2,IND,USA,Pant,Netravalkar,0.5,5,0,0,0,0,1,1,18(20),
2,IND,USA,Pant,Netravalkar,0.6,6,1,0,1,0,2,1,18(20),
2,IND,USA,Pant,Ali Khan,1.1,7,4,0,4,0,6,1,18(20),
2,IND,USA,Pant,Ali Khan,1.2,8,0,1,1,0,7,1,18(20),
2,IND,USA,Rohit,Ali Khan,1.3,9,1,0,1,0,8,1,3(6),
2,IND,USA,Pant,Ali Khan,1.4,10,1,0,1,0,9,1,18(20),
2,IND,USA,Rohit,Ali Khan,1.5,11,0,0,0,0,9,1,3(6),
2,IND,USA,Rohit,Ali Khan,1.6,12,1,0,1,0,10,1,3(6),
2,IND,USA,Rohit,Netravalkar,2.1,13,0,0,0,0,10,1,3(6),
2,IND,USA,Rohit,Netravalkar,2.2,14,0,0,0,1,10,2,3(6),Rohit
2,IND,USA,Suryakumar Yadav,Netravalkar,2.3,15,0,0,0,0,10,2,50(49),
2,IND,USA,Suryakumar Yadav,Netravalkar,2.4,16,0,0,0,0,10,2,50(49),
2,IND,USA,Suryakumar Yadav,Netravalkar,2.5,17,1,0,1,0,11,2,50(49),
2,IND,USA,Pant,Netravalkar,2.6,18,1,0,1,0,12,2,18(20),
2,IND,USA,Pant,Jessy Singh,3.1,19,1,0,1,0,13,2,18(20),
2,IND,USA,Suryakumar Yadav,Jessy Singh,3.2,20,1,0,1,0,14,2,50(49),
2,IND,USA,Pant,Jessy Singh,3.3,21,1,0,1,0,15,2,18(20),
2,IND,USA,Suryakumar Yadav,Jessy Singh,3.4,22,0,0,0,0,15,2,50(49),
2,IND,USA,Suryakumar Yadav,Jessy Singh,3.5,23,1,0,1,0,16,2,50(49),
2,IND,USA,Pant,Jessy Singh,3.6,24,0,0,0,0,16,2,18(20),
2,IND,USA,Suryakumar Yadav,Netravalkar,4.1,25,0,0,0,0,16,2,50(49),
2,IND,USA,Suryakumar Yadav,Netravalkar,4.2,26,6,0,6,0,22,2,50(49),
2,IND,USA,Suryakumar Yadav,Netravalkar,4.3,27,2,0,2,0,24,2,50(49),
2,IND,USA,Suryakumar Yadav,Netravalkar,4.4,28,0,0,0,0,24,2,50(49),
2,IND,USA,Suryakumar Yadav,Netravalkar,4.5,29,1,0,1,0,25,2,50(49),
2,IND,USA,Pant,Netravalkar,4.6,30,0,0,0,0,25,2,18(20),
2,IND,USA,Suryakumar Yadav,Jessy Singh,5.1,31,0,1,1,0,26,2,50(49),
2,IND,USA,Suryakumar Yadav,Jessy Singh,5.1,32,1,0,1,0,27,2,50(49),
2,IND,USA,Pant,Jessy Singh,5.2,33,0,0,0,0,27,2,18(20),
2,IND,USA,Pant,Jessy Singh,5.3,34,6,0,6,0,33,2,18(20),
2,IND,USA,Pant,Jessy Singh,5.4,35,0,0,0,0,33,2,18(20),
2,IND,USA,Pant,Jessy Singh,5.5,36,0,0,0,0,33,2,18(20),
2,IND,USA,Pant,Jessy Singh,5.6,37,0,0,0,0,33,2,18(20),
2,IND,USA,Suryakumar Yadav,van Schalkwyk,6.1,38,0,0,0,0,33,2,50(49),
2,IND,USA,Suryakumar Yadav,van Schalkwyk,6.2,39,1,0,1,0,34,2,50(49),
2,IND,USA,Pant,van Schalkwyk,6.3,40,1,0,1,0,35,2,18(20),
2,IND,USA,Suryakumar Yadav,van Schalkwyk,6.4,41,0,0,0,0,35,2,50(49),
2,IND,USA,Suryakumar Yadav,van Schalkwyk,6.5,42,0,0,0,0,35,2,50(49),
2,IND,USA,Suryakumar Yadav,van Schalkwyk,6.6,43,1,0,1,0,36,2,50(49),
2,IND,USA,Suryakumar Yadav,Ali Khan,7.1,44,1,0,1,0,37,2,50(49),
2,IND,USA,Pant,Ali Khan,7.2,45,2,0,2,0,39,2,18(20),
2,IND,USA,Pant,Ali Khan,7.3,46,0,0,0,1,39,3,18(20),Pant
2,IND,USA,Shivam Dube,Ali Khan,7.4,47,0,0,0,0,39,3,31(35),
2,IND,USA,Shivam Dube,Ali Khan,7.5,48,0,0,0,0,39,3,31(35),
2,IND,USA,Shivam Dube,Ali Khan,7.6,49,0,0,0,0,39,3,31(35),
2,IND,USA,Suryakumar Yadav,van Schalkwyk,8.1,50,0,0,0,0,39,3,50(49),
2,IND,USA,Suryakumar Yadav,van Schalkwyk,8.2,51,0,0,0,0,39,3,50(49),
2,IND,USA,Suryakumar Yadav,van Schalkwyk,8.3,52,1,0,1,0,40,3,50(49),
2,IND,USA,Shivam Dube,van Schalkwyk,8.4,53,0,0,0,0,40,3,31(35),
2,IND,USA,Shivam Dube,van Schalkwyk,8.5,54,0,0,0,0,40,3,31(35),
2,IND,USA,Shivam Dube,van Schalkwyk,8.6,55,1,0,1,0,41,3,31(35),
2,IND,USA,Shivam Dube,Corey Anderson,9.1,56,1,0,1,0,42,3,31(35),
2,IND,USA,Suryakumar Yadav,Corey Anderson,9.2,57,2,0,2,0,44,3,50(49),
2,IND,USA,Suryakumar Yadav,Corey Anderson,9.3,58,1,0,1,0,45,3,50(49),
2,IND,USA,Shivam Dube,Corey Anderson,9.4,59,0,1,1,0,46,3,31(35),
2,IND,USA,Shivam Dube,Corey Anderson,9.4,60,0,0,0,0,46,3,31(35),
2,IND,USA,Shivam Dube,Corey Anderson,9.5,61,1,0,1,0,47,3,31(35),
2,IND,USA,Suryakumar Yadav,Corey Anderson,9.6,62,0,0,0,0,47,3,50(49),
2,IND,USA,Shivam Dube,Jessy Singh,10.1,63,2,0,2,0,49,3,31(35),
2,IND,USA,Shivam Dube,Jessy Singh,10.2,64,0,0,0,0,49,3,31(35),
2,IND,USA,Shivam Dube,Jessy Singh,10.3,65,0,0,0,0,49,3,31(35),
2,IND,USA,Shivam Dube,Jessy Singh,10.4,66,0,0,0,0,49,3,31(35),
2,IND,USA,Shivam Dube,Jessy Singh,10.5,67,0,0,0,0,49,3,31(35),
2,IND,USA,Shivam Dube,Jessy Singh,10.6,68,4,0,4,0,53,3,31(35),
2,IND,USA,Suryakumar Yadav,Corey Anderson,11.1,69,1,0,1,0,54,3,50(49),
2,IND,USA,Shivam Dube,Corey Anderson,11.2,70,0,0,0,0,54,3,31(35),
2,IND,USA,Shivam Dube,Corey Anderson,11.3,71,1,0,1,0,55,3,31(35),
2,IND,USA,Suryakumar Yadav,Corey Anderson,11.4,72,0,0,0,0,55,3,50(49),
2,IND,USA,Suryakumar Yadav,Corey Anderson,11.5,73,0,0,0,0,55,3,50(49),
2,IND,USA,Suryakumar Yadav,Corey Anderson,11.6,74,0,0,0,0,55,3,50(49),
2,IND,USA,Shivam Dube,van Schalkwyk,12.1,75,1,0,1,0,56,3,31(35),
2,IND,USA,Suryakumar Yadav,van Schalkwyk,12.2,76,1,0,1,0,57,3,50(49),
2,IND,USA,Shivam Dube,van Schalkwyk,12.3,77,1,0,1,0,58,3,31(35),
2,IND,USA,Suryakumar Yadav,van Schalkwyk,12.4,78,1,0,1,0,59,3,50(49),
2,IND,USA,Shivam Dube,van Schalkwyk,12.5,79,1,0,1,0,60,3,31(35),
2,IND,USA,Suryakumar Yadav,van Schalkwyk,12.6,80,0,0,0,0,60,3,50(49),
2,IND,USA,Shivam Dube,Ali Khan,13.1,81,0,0,0,0,60,3,31(35),
2,IND,USA,Shivam Dube,Ali Khan,13.2,82,1,0,1,0,61,3,31(35),
2,IND,USA,Suryakumar Yadav,Ali Khan,13.3,83,1,0,1,0,62,3,50(49),
2,IND,USA,Shivam Dube,Ali Khan,13.4,84,0,0,0,0,62,3,31(35),
2,IND,USA,Shivam Dube,Ali Khan,13.5,85,1,0,1,0,63,3,31(35),
2,IND,USA,Suryakumar Yadav,Ali Khan,13.6,86,4,0,4,0,67,3,50(49),
2,IND,USA,Shivam Dube,Corey Anderson,14.1,87,0,0,0,0,67,3,31(35),
2,IND,USA,Shivam Dube,Corey Anderson,14.2,88,6,0,6,0,73,3,31(35),
2,IND,USA,Shivam Dube,Corey Anderson,14.3,89,1,0,1,0,74,3,31(35),
2,IND,USA,Suryakumar Yadav,Corey Anderson,14.4,90,0,0,0,0,74,3,50(49),
2,IND,USA,Suryakumar Yadav,Corey Anderson,14.5,91,1,0,1,0,75,3,50(49),
2,IND,USA,Shivam Dube,Corey Anderson,14.6,92,1,0,1,0,76,3,31(35),
2,IND,USA,Shivam Dube,Jessy Singh,15.1,93,2,0,2,0,83,3,31(35),
2,IND,USA,Shivam Dube,Jessy Singh,15.2,94,1,0,1,0,84,3,31(35),
2,IND,USA,Suryakumar Yadav,Jessy Singh,15.3,95,1,0,1,0,85,3,50(49),
2,IND,USA,Shivam Dube,Jessy Singh,15.4,96,1,0,1,0,86,3,31(35),
2,IND,USA,Suryakumar Yadav,Jessy Singh,15.5,97,1,0,1,0,87,3,50(49),
2,IND,USA,Shivam Dube,Jessy Singh,15.6,98,0,0,0,0,87,3,31(35),
2,IND,USA,Suryakumar Yadav,van Schalkwyk,16.1,99,1,0,1,0,88,3,50(49),
2,IND,USA,Shivam Dube,van Schalkwyk,16.2,100,1,0,1,0,89,3,31(35),
2,IND,USA,Suryakumar Yadav,van Schalkwyk,16.3,101,6,0,6,0,95,3,50(49),
2,IND,USA,Suryakumar Yadav,van Schalkwyk,16.4,102,4,0,4,0,99,3,50(49),
2,IND,USA,Suryakumar Yadav,van Schalkwyk,16.5,103,2,0,2,0,101,3,50(49),
2,IND,USA,Suryakumar Yadav,van Schalkwyk,16.6,104,1,0,1,0,102,3,50(49),
2,IND,USA,Suryakumar Yadav,Netravalkar,17.1,105,2,0,2,0,104,3,50(49),
2,IND,USA,Suryakumar Yadav,Netravalkar,17.2,106,1,0,1,0,105,3,50(49),
2,IND,USA,Shivam Dube,Netravalkar,17.3,107,1,0,1,0,106,3,31(35),
2,IND,USA,Suryakumar Yadav,Netravalkar,17.4,108,0,0,0,0,106,3,50(49),
2,IND,USA,Suryakumar Yadav,Netravalkar,17.5,109,0,0,0,0,106,3,50(49),
2,IND,USA,Suryakumar Yadav,Netravalkar,17.6,110,1,0,1,0,107,3,50(49),
2,IND,USA,Suryakumar Yadav,Ali Khan,18.1,111,1,0,1,0,108,3,50(49),
2,IND,USA,Shivam Dube,Ali Khan,18.2,112,0,1,1,0,109,3,31(35),
2,IND,USA,Shivam Dube,Ali Khan,18.2,113,2,0,2,0,111,3,31(35),
